133        -0.381528       -0.0276727
134        -0.307262         0.154528
135        -0.111558       -0.0239253
141          0.14699         0.341348
142        0.0401087       -0.0697267
143      -0.00841886        0.0684638
144         0.094459        0.0799757
145         0.109976        0.0346743
146         0.103802        0.0463147
147         0.238608        -0.199215
153         0.184098        -0.167414
154        0.0383137         0.259421
155        -0.117506       -0.0172508
156         0.020286       -0.0122812
157         0.116122       -0.0942306
161         -0.10248        -0.374894
162       -0.0144109         0.085514
163       -0.0957126       -0.0496435
164       -0.0785621        0.0226092
165          -0.2472        0.0516088
166        0.0581471       -0.0273454
221         0.168546       -0.0802425
222       -0.0304431        0.0238558
223       0.00734457        -0.163779
224           0.1188        0.0622781
225         0.278306       -0.0568184
330          0.30101         0.134553
331       -0.0275618      -0.00974721
332        0.0238558         0.122623
333       -0.0431217         -0.27687
334        -0.115842        0.0821459
336        0.0841772        0.0796915
345        -0.290749        -0.372191
352      -0.00605786        -0.048925
353       -0.0933875        0.0616267
354        -0.386288        0.0521016
355        0.0636043        -0.100262
356       -0.0113469        0.0561819
360         0.124078       -0.0882972
361        0.0319748        -0.171727
362         0.190703        0.0881482
363        -0.122699        0.0613457
364        -0.121743         0.144614
365         0.124981        0.0797104
370      -0.00443152      0.000567176
371        0.0962231       -0.0726056
372         -0.05052       -0.0192163
374        -0.138554         0.203857
375        0.0366664        0.0585436
376         0.106203        0.0679825
