11 4609.48  1990.37  -627.553
12 4595.46  1994.93  -857.154
13 4583.81  2001.75  -1060.05
21 4605.31  2140.38  -624.682
22 4587.8  2149.91  -836.321
23 4573.54  2158.51  -1070.56
52 4052.49  2718.01  -776.779
91 4589.56  3461.73  -606.661
92 4573.56  3467.57  -817.443
430 7014.29  1404.75  -1457.58
431 7023.11  1405.84  -838.885
432 7021.64  1410.27  -234.902
433 7018.38  1418.32  367.803
451 7020.48  2670  -829.401
453 7019.02  2678.65  370.285
461 7021.29  3272.44  -831.091
462 7019.91  3265.76  -227.623
463 7018.81  3275.01  370.125
464 7017.96  3273.15  970.566
470 7010.03  3918.51  -1455.63
471 7020.05  3894.78  -831.49
472 7019.18  3895.26  -230.386
473 7018.43  3874.66  369.49
481 7019.56  4474.97  -832.031
482 7017.62  4465.81  -229.734
483 7016.75  4455.81  370.137
484 7015.88  4473.54  967.353
