430 1.04962 -0.034373 1.84791
431 1.62652 -0.448718 0.599417
432 3.02453 -1.00203 0.565282
433 6.06675 -1.7952 1.57445
451 2.13384 -0.419502 -0.328909
453 3.26914 -0.486977 0.516999
461 0.118878 -0.618426 -0.0167127
462 1.68283 -0.398636 -0.0147139
463 2.65401 -0.0998714 0.582991
464 3.51777 0.178989 2.03959
470 -1.32319 -0.957838 1.56166
471 0.225309 -0.536087 0.123198
472 1.45194 -0.0235577 0.0367555
473 1.69837 0.259439 0.60341
481 0.00235621 -0.484852 0.584185
482 1.62518 0.389332 0.226141
483 2.05206 0.819516 0.884781
484 2.43585 1.47461 1.95726
