122         0.101474       -0.0679713
123         0.170291       0.00944971
124         0.176215        -0.121316
125       -0.0316887       -0.0192657
126       -0.0381011        0.0240435
133        -0.332346      -0.00801304
134        -0.210288         0.152591
135         -0.16348       -0.0485704
136        -0.127118         0.100806
137       -0.0446104         -0.11219
141         0.307552         0.311043
142        0.0901321        -0.100986
143        0.0946456        0.0844774
144        0.0728165        0.0743359
145        0.0905244        0.0361109
146        0.0339636        0.0224527
147         0.130293         -0.02622
151         0.301763        -0.256579
152        -0.218951       -0.0522049
153       -0.0853156       -0.0725433
154        -0.133529          0.10438
155        -0.306075       -0.0567288
156        -0.103506        0.0474812
157        0.0302009         0.168145
210        -0.120531        0.0557091
211         0.118785         0.187589
212        -0.111392       -0.0125048
213       -0.0409742        -0.125497
214       -0.0718699        -0.145525
215       -0.0658028        0.0631756
220         0.034972         -0.16853
221         0.220943        -0.067516
222       -0.0194489       -0.0168165
223         0.090108        -0.074333
224         0.136553      -0.00132836
225          0.16024       -0.0401005
320       0.00846445         0.216943
321        -0.128427         0.109674
322       -0.0466989       -0.0585025
323       -0.0884312        -0.168321
324        -0.137552       -0.0453402
325       -0.0628202        0.0486803
326        0.0192701         0.128242
332         0.168422        0.0469724
333         0.105325        -0.175667
334        0.0438199        0.0775694
336         0.169587        -0.027202
337         0.295532       -0.0662422
340        -0.216045        0.0104753
341        -0.266891        0.0556689
