27
11  4610.72  1990.42  -631.151
12  4596.85  1995  -860.872
13  4585.35  2001.84  -1063.89
21  4606.33  2140.46  -628.229
22  4588.95  2150.02  -839.982
23  4574.86  2158.65  -1074.37
52  4053.29  2718.32  -780.474
91  4590.34  3462.18  -610.162
92  4574.46  3468.09  -821.044
430  7016.29  1404.56  -1461.21
431  7024.64  1405.69  -842.377
432  7022.89  1410.16  -238.288
433  7019.51  1418.25  364.469
451  7019.46  2669.78  -832.522
453  7017.37  2678.37  366.907
461  7019.97  3272.05  -834.136
462  7018.19  3265.29  -230.78
463  7016.74  3274.46  366.779
464  7015.57  3272.53  966.912
470  7009.1  3918.12  -1458.54
471  7018.71  3894.26  -834.453
472  7017.42  3894.6  -233.459
473  7016.2  3873.85  366.207
481  7018.2  4474.32  -834.907
482  7015.8  4464.97  -232.862
483  7014.36  4454.71  366.799
484  7012.74  4472.09  963.63
