430 0.158873 5.47822 0.94932
431 -0.298559 4.0913 -0.0938045
432 -0.893411 3.95197 -1.77466
433 -1.72755 4.9084 -4.93332
451 -0.196709 2.79247 -3.14734
453 -0.202045 3.89507 -4.91561
461 -0.22972 3.02833 -1.44134
462 0.0722112 3.14235 -3.40104
463 0.451817 3.9288 -4.72706
464 0.803697 5.6928 -5.90753
470 -0.56713 4.46364 0.39454
471 -0.0206362 3.08573 -1.56207
472 0.631458 3.10913 -3.21134
473 1.06768 3.88583 -3.92594
481 0.156867 3.46082 -1.36341
482 1.22868 3.35378 -3.44499
483 1.91418 4.2233 -4.44448
484 2.9228 5.67974 -5.57581
