122         0.175025         0.148802
123         0.185326         0.171243
124         0.148804       -0.0261958
125       -0.0890435       0.00181655
126        -0.120644       -0.0312985
133        -0.412803          0.18155
134        -0.329234         0.279902
135        -0.295434        0.0179721
136        -0.259744        0.0939537
137        -0.167037        -0.197496
141         0.401793         0.472704
142         0.108469        0.0381542
143         0.050554         0.191338
144        -0.012795         0.130398
145      -0.00895693        0.0362811
146       -0.0642217        -0.049247
147        0.0479651        -0.177859
151          0.54961        -0.243719
152       -0.0316681       -0.0700786
153        0.0477304        -0.126316
154       -0.0401826       0.00086523
155        -0.227983        -0.213031
156       -0.0263164        -0.176217
157         0.122528        -0.133143
210       -0.0341048         0.190495
211         0.137721         0.305761
212        -0.142083        0.0785706
213        -0.103271       -0.0716563
214        -0.153586        -0.140709
215         -0.15694        0.0123192
220         0.155123       -0.0931113
221         0.268727       0.00367559
222       -0.0272069        0.0392536
223        0.0500257       -0.0517687
224        0.0872336       -0.0349676
225         0.125203        -0.147961
320        0.0776576         0.217058
321        -0.112841         0.115531
322       -0.0725366       -0.0548682
323        -0.142012        -0.175585
324        -0.210046       -0.0740389
325        -0.143484      -0.00420543
326       -0.0639961        0.0507358
332         0.187143        0.0391134
333        0.0978863        -0.188346
334        0.0252587        0.0520725
336         0.153243       -0.0972761
337         0.292896        -0.166924
340        0.0266269       -0.0937278
341        -0.074378        -0.029819
