133        -0.314441       -0.0127951
134         -0.30712         0.174248
135        -0.162987       0.00585996
141          0.30933         0.340016
142         0.150571       -0.0835893
143        0.0480297        0.0471585
144        0.0979999        0.0591903
145        0.0750093        0.0183889
146         0.030769        0.0377097
147         0.129831        -0.195313
153         0.230334        -0.218409
154        0.0418883         0.205034
155        -0.146035       -0.0703479
156       -0.0395078       -0.0614023
157        0.0275459        -0.134663
161       0.00719946         -0.43858
162        0.0545476         0.011696
163        -0.066496        -0.133908
164       -0.0830606       -0.0675025
165        -0.280596       -0.0380634
166       0.00190116          -0.1052
221         0.272963       -0.0549443
222        0.0161022        0.0446803
223     -0.000776878        -0.140397
224         0.057505        0.0944841
225         0.164901      -0.00690161
330         0.438297           0.2175
331        0.0673344        0.0749989
332        0.0698738         0.209298
333       -0.0474934        -0.184995
334        -0.162743         0.182148
336       -0.0563515         0.216077
345        -0.356612        -0.304831
352        0.0280893       -0.0282112
353       -0.0949115        0.0818859
354        -0.415848        0.0740964
355       0.00777121       -0.0751405
356       -0.0933812        0.0865074
360         0.212224       -0.0777378
361        0.0879963        -0.171164
362         0.214716          0.08166
363        -0.130127        0.0515962
364        -0.159328         0.134521
365         0.057754        0.0734157
370        0.0665277       -0.0149702
371         0.140992       -0.0958816
372       -0.0341753       -0.0500882
374        -0.173354           0.1671
375       -0.0187648        0.0263574
376        0.0361063         0.049407
