81
133 758.334 1852.43
134 762.708 1307.57
135 761.86 889.016
141 1949.52 2736.59
142 1955.111 2297.18
143 1962.57 1817.86
144 1968.82 1316.25
145 1976.92 928.095
146 1983.09 527.173
147 1988.87 140.416
153 2893.31 1789.35
154 2904.7 1322.79
155 2911.99 959.157
156 2921.05 590.847
157 2929.07 225.133
161 3791.33 2562.67
162 3809.15 2169.38
163 3827.85 1719.86
164 3843.87 1285.6
165 3857.1 851.865
166 3870.93 386.618
221 1458.04 2184.04
222 1462.42 1696.42
223 1468.93 1205.21
224 1475.54 697.805
225 1486.1 192.079
330 589.926 2460.82
331 589.062 2092.2
332 586.256 1693.13
333 585.891 1291.46
334 589.252 960.189
336 594.154 290.715
345 1504.41 650.375
352 2452.63 1651.64
353 2459.54 1283.95
354 2465.79 984.581
355 2471.16 696.577
356 2476.63 398.702
360 3143.3 2323.32
361 3155.01 1984.1
362 3167.68 1629.86
363 3177.29 1267.81
364 3189.07 908.726
365 3195.86 533.247
370 3747.94 2245.17
371 3758.84 1963.69
372 3772.18 1628.61
374 3796.46 935.901
375 3805.11 586.548
376 3815 232.927
430 155.857 2447.64
431 151.601 1895.13
432 152.506 1349.48
434 160.216 244.641
451 1289.3 1858.73
452 1289.28 1348.64
453 1306.38 836.095
454 1317.77 321.925
460 1767.85 2353.89
461 1784.02 1846.92
462 1785.64 1350.79
463 1800.98 854.357
464 1808.27 353.722
470 2275.38 2322.49
471 2264.75 1833.61
472 2274.71 1355.56
473 2268.68 873.149
474 2272.65 388.983
481 2684.69 1821.36
482 2690.38 1357.43
483 2694.16 890.117
484 2716.72 423.998
491 3105.85 1809.07
492 3109.24 1360.56
493 3117.02 910.362
494 3107.06 454.387
501 3470.78 1797.46
502 3488.38 1365.27
503 3499.58 927.178
511 3733.09 1789.25
512 3744.19 1366.24
