27
11 847.645 2079.59 1250.71 1999.72
12 857.425 2420.5 1259.09 2301.26
13 870.738 2719.35 1270.73 2566.45
21 1073.85 2068.26 1441.63 1998.75
22 1091.18 2379.91 1454.65 2280.02
23 1107.16 2721.22 1468.63 2588.71
52 2137.35 2436.23 2124.28 2388.16
91 2839.47 1976.08 3219.27 1987.45
92 2847.77 2252.43 3227.98 2277.77
430 155.857 2447.64 1356.72 2328.19
431 151.601 1895.13 1347.73 1844.28
432 152.506 1349.48 1340.98 1365.79
433 159.7 798.421 1338.37 883.219
451 1289.3 1858.73 2347.81 1841.3
453 1306.38 836.095 2346.33 863.193
461 1784.02 1846.92 2839.51 1843.24
462 1785.64 1350.79 2832.9 1350.05
463 1800.98 854.357 2838.08 856.335
464 1808.27 353.722 2832.82 358.242
470 2275.38 2322.49 3370.2 2351.16
471 2264.75 1833.61 3353.56 1843.64
472 2274.71 1355.56 3355.98 1349.13
473 2268.68 873.149 3338.5 850.655
481 2684.69 1821.36 3836.97 1843.53
482 2690.38 1357.43 3834.3 1345.84
483 2694.16 890.117 3828.12 844.757
484 2716.72 423.998 3843.43 342.268
