97
122 162.799 2159.89
123 145.712 1699.76
124 131.703 1234.12
125 117.841 772.189
126 106.031 287.354
133 1288.88 1801.26
134 1281.81 1320.03
135 1272.48 950.942
136 1265.6 569.671
137 1261.31 192.352
141 2403.76 2697.33
142 2400.61 2267.96
143 2397.44 1800.15
144 2391.18 1310.91
145 2389.45 932.479
146 2384.82 541.707
147 2379.62 165.03
151 3412.62 2701
152 3417.39 2272.75
153 3421.94 1797.18
154 3421.36 1302.19
155 3419.64 916.694
156 3419.13 525.813
157 3417.38 137.338
210 602.332 2501.83
211 586.868 2082.99
212 573.195 1656.97
213 562.195 1250.53
214 553.187 824.92
215 542.843 386.282
220 2069.38 2567.16
221 2065.2 2138.08
222 2059.82 1677.43
223 2055.23 1214
224 2049.19 735.396
225 2046.21 258.619
320 682.425 2363.99
321 670.607 2008.32
322 659.81 1640.96
323 650.874 1285.31
324 641.929 884.429
325 634.848 525.549
326 627.599 150.736
332 1482.93 1667.04
333 1475.58 1308.75
334 1472.3 1013.38
336 1463.13 417.962
337 1460.08 86.124
340 2307.24 2362.07
341 2304.75 2023.45
342 2301.25 1652.82
343 2296.49 1272.51
344 2294.87 967.679
345 2291.01 681.789
346 2287.39 389.396
350 3299.48 2359.63
351 3302.04 2029.26
352 3304.3 1652.76
353 3304.12 1270.95
354 3303.38 960.095
355 3301.86 661.06
356 3299.62 351.446
361 4158.6 2032.33
362 4165.4 1639.58
363 4168.65 1238.12
364 4173.91 839.321
365 4173.18 421.498
402 40.3092 1374.68
403 22.5626 912.561
411 481.291 1833.27
412 468.814 1370.33
413 448.475 906.434
421 910.921 1834.62
422 897.117 1366.57
423 879.359 894.725
430 1356.72 2328.19
431 1347.73 1844.28
432 1340.98 1365.79
434 1330.57 399.849
440 1857.36 2332.81
441 1883.95 1839.67
442 1844.23 1358.53
443 1857.6 872.536
444 1843.84 384.472
451 2347.81 1841.3
453 2346.33 863.193
461 2839.51 1843.24
462 2832.9 1350.05
463 2838.08 856.335
464 2832.82 358.242
470 3370.2 2351.16
471 3353.56 1843.64
472 3355.98 1349.13
473 3338.5 850.655
481 3836.97 1843.53
482 3834.3 1345.84
483 3828.12 844.757